,AL_L,AL_R,AME_L,AMMC_L,AMMC_R,AOTU_L,AOTU_R,ATL_L,ATL_R,AVLP_L,AVLP_R,CRE_L,CRE_R,EB,FB,FLA_L,FLA_R,GNG,IB_L,IB_R,ICL_L,ICL_R,IPS_L,IPS_R,LAL_L,LAL_R,LA_L,LA_R,LH_L,LH_R,LOP_L,LOP_R,LO_L,LO_R,MB_CA_L,MB_CA_R,MB_ML_L,MB_ML_R,MB_VL_L,MB_VL_R,ME_L,ME_R,NO,OCG,PB,PLP_L,PLP_R,PRW,PVLP_L,PVLP_R,SAD,SCL_L,SCL_R,SIP_L,SIP_R,SLP_L,SLP_R,SMP_L,SMP_R,SPS_L,SPS_R,VES_L,VES_R,WED_L,WED_R
AL_L,2.4969508742439945,2.4499913521714882,2.333171876832121,2.508714173605402,2.528579846770201,2.441336518601424,2.436930712733963,2.3806843138847147,2.3524235245110257,2.597825623992695,2.4746090568552157,2.3408032963545455,2.3498341499638573,2.370484107581078,2.3738439257349477,2.339856589494787,2.2587641302308428,2.445516354627789,2.3897396726265803,2.396767950539141,2.3324263268617296,2.320278495751592,2.35453408238698,2.334038712756861,2.3799382589263702,2.3874648149741855,2.4369168564568358,2.4754081904444285,2.4007900972634237,2.4038976207524128,2.521633178745632,2.521221429614135,2.4955900849952575,2.496181484177901,2.1342931712656976,2.06766249704116,2.1086108124428464,2.087787978337231,2.222149321852179,2.106986179628097,2.4761468900224797,2.4609371671196745,2.406189985061034,2.4755597135412644,2.5069378168718224,2.3326813103197606,2.3218847569505128,2.3577409181552196,2.425619435184674,2.420246733272538,2.4484299637711655,2.292358388235465,2.2954058391900505,2.3261485058246087,2.3226268322385546,2.332309797746395,2.3503726760907613,2.322270368151986,2.322181811909683,2.3779410974124398,2.3720436936810674,2.416091397425577,2.3910758791575923,2.3929547715276045,2.331874858859651
AL_R,2.4499913521714882,2.406311347725524,2.226869139472347,2.4318695670924586,2.4532849761504707,2.3097874371150944,2.3059021454354363,2.2838023160657714,2.2482849086091647,2.5007320681363168,2.3737275892016014,2.233072480923275,2.240646423962882,2.2596964418157572,2.2613059959573536,2.250091003384628,2.1647674338819898,2.3537420798330553,2.2740267701345473,2.280002787144525,2.2236472586025773,2.212178775885019,2.253564093562995,2.232444328313911,2.2667808839619226,2.276196221150386,2.3402808562863857,2.3786539653942107,2.2900967411590436,2.291936165013854,2.3884496355829428,2.3896003938621693,2.35819629609934,2.361151752571275,2.0366461439006542,1.9791920373362282,2.031827520400715,2.0283687698021997,2.136755550378953,2.0543972857704236,2.340247941077721,2.3247223078630594,2.277910948891443,2.3647347826333336,2.3794559776262814,2.2234327616530916,2.213196979711475,2.2657086388304974,2.305622607136527,2.2981731514440615,2.35767970806224,2.187952790060061,2.1914291567879016,2.219383069273955,2.216717078369,2.223832383310002,2.239746686035683,2.215848622292618,2.215724524659021,2.2667882380030564,2.260128219956412,2.3017229925059226,2.2843274809135803,2.2881169495095794,2.231413597822708
AME_L,2.333171876832121,2.226869139472347,0.9761240463563007,1.8391993533382105,1.9330440399588233,0.8106654663706703,0.8114102978977922,1.3568487492460177,0.9702202340507197,1.4926304595516806,1.3588706042551766,0.8823520002830935,0.9062947227820937,0.833176777214785,0.9243866698181533,1.4802474506943486,1.3315638609803038,1.5728758555129836,0.846155833062028,0.8692304489478718,0.9064947711009498,0.9112406981237825,1.149106713491159,1.1473895301341905,0.9036151479074449,0.9557908452955568,1.5700108221026687,1.610558778407964,0.9648136509195028,0.9621122286163012,0.8750067162165688,0.9025677865010607,0.8142031030555652,0.8365874358101473,0.9667185692058543,1.120694783558682,1.183487556342939,1.3883292211961347,1.0443433667399362,1.4380529914733144,0.8824760533613494,0.8329841502484541,0.7243547992407456,1.398275339716447,0.873231313980436,0.9366035476263257,0.9067006056497919,1.3931451349975057,0.8692750457667674,0.8688787178946358,1.5945635957220656,0.9349739870605839,0.9818398327867087,0.8548083163942993,0.8960026674147272,0.9086079097743567,0.9073250008473499,0.9328677731040995,0.9240691458139021,0.9443781333334416,0.9214408818946798,0.9826028819326899,1.216169948806823,1.0574062619296143,1.1039736671478535
AMMC_L,2.508714173605402,2.4318695670924586,1.8391993533382105,1.935150706735044,1.9556737173052514,1.8764788083904822,1.8820068462902633,2.1890424822621304,2.0445616336734687,2.232582979434609,2.149026060470298,2.0249907952949617,2.0337356374043574,1.9632127710003335,2.0290091882305554,2.0460050909237424,2.012118210638124,2.0330023988282155,2.0026798816011198,2.0171965300781074,2.02946921153788,2.024799254209406,2.0537673938028034,2.0514899405218694,2.0198533201478006,2.0189978604797996,1.6843671320878022,1.714110875957714,2.046715695198253,2.056173846796891,1.9306421872902513,1.9498570845366594,1.884762478172303,1.915232055071767,1.9235459403076454,1.933285459831395,1.9540721939865562,2.022342261884311,1.917216137548159,2.0391430820412797,1.8562577444908064,1.8651056192770623,1.9071797071686785,1.5673280625310095,1.9866844549253255,2.003732439983546,1.9999749308604644,2.0017731839703723,1.9972987947301406,1.9874955040811688,2.0175952190113478,2.0051715810914836,2.030542996443757,2.011723491652662,2.0123642374126,2.0239824501072534,2.030518364338675,2.007788913509216,2.0075045149599067,2.0168752366581004,2.0099145798298106,2.030675766666965,2.054077173022822,2.0127287039966735,2.0335051644763062
AMMC_R,2.528579846770201,2.4532849761504707,1.9330440399588233,1.9556737173052514,2.0106640021439772,2.01977255048829,2.025997505896858,2.238658702352873,2.1024373606260225,2.289806067951426,2.206543832512655,2.0932202138315765,2.10235924544185,2.0530867956878236,2.109327792681916,2.0920673078967926,2.0556401817962606,2.09596073317804,2.0905026560198645,2.1048213074615307,2.092459034982023,2.0856593954278693,2.112970501449905,2.1117682717987605,2.1015122783042752,2.100693430801083,1.7397563136929246,1.7713839912128628,2.1194854628514412,2.12683696179997,2.089158695292216,2.1021936927442275,2.056157997627571,2.0752016992174322,1.951306351813091,1.9437210637556295,1.9927598558454855,2.05720290789359,1.9720003568401798,2.0705495421966837,2.0214249716414963,2.0258475602623043,2.0320881763776284,1.6727923177544526,2.118440625820383,2.0692879895068828,2.0639589297505365,2.059099126926135,2.093593945948127,2.0875195911773834,2.0768801139174973,2.0625692267377302,2.0857401319637017,2.079278790608966,2.076921458900572,2.0917295331059367,2.098600750988598,2.0736687172082733,2.072876754622977,2.0958554237607148,2.0901909604848745,2.114113425396126,2.122794787983521,2.0775582504682695,2.0895087692235816
AOTU_L,2.441336518601424,2.3097874371150944,0.8106654663706703,1.8764788083904822,2.01977255048829,0.7882592537674149,0.8064948071631587,1.3332778084907622,0.9857662178922655,1.5338525834887198,1.4059390397930964,0.843498114680545,0.8773383230670789,0.7183468621174051,0.9147015880355399,1.5416853396396213,1.4714195405737265,1.6168577070884789,0.8809532113544302,0.8869416252086643,0.920404333079443,0.9350615250854853,1.1563636124031829,1.1649595268844681,0.8807186209115818,0.9545122183707407,1.730571662833186,1.8023605281919626,0.9863080799024295,0.9902268153527197,0.7504384199866395,0.7998980894530695,0.7555875843014271,0.8158070762496505,0.9811501263063077,1.080810814068804,1.1782590668568917,1.4120363949443713,0.9886035349603246,1.440913752613633,0.8708630320444324,0.8080238372029767,0.6488114694758057,1.446382300129223,0.7644168677401862,0.9298361524409986,0.884756891260699,1.4311907927685477,0.961773012799679,1.0014631958825166,1.624765718683482,0.8965490555374872,0.9752494635884089,0.8014631671907321,0.8695311707146366,0.8948579910804992,0.9246204571644974,0.9039101734264987,0.8942599262600817,0.950176046449083,0.9406737649779123,0.957443269592535,1.2182865839425698,1.0902604453579485,1.1302573771156466
AOTU_R,2.436930712733963,2.3059021454354363,0.8114102978977922,1.8820068462902633,2.025997505896858,0.8064948071631587,0.8297565955707009,1.3174382803103095,0.9745723744881012,1.5315203158848096,1.399590326693247,0.8263635599154275,0.8577740446182527,0.7195619886943527,0.90686753911756,1.5393246360251223,1.4696243970663485,1.6118915240180687,0.8839262031096522,0.8873146956939644,0.9037625453357052,0.9181490368621621,1.1442240112363025,1.152350587951456,0.8756864523932752,0.9520518225098137,1.7491798621186527,1.8203352076761619,0.9818706846242771,0.9813579054578844,0.7856856366040773,0.8316276945702004,0.7922539920088554,0.8510226951583845,0.9725678157082596,1.0693309974940224,1.1756769577602353,1.4080216026694328,0.9861380895010936,1.43555889927228,0.8991700632139727,0.8358472890258623,0.6703929823056997,1.469698146598935,0.7898391129855615,0.9198917819909124,0.8723264130581422,1.4237281190734816,0.975875210216638,1.0168598517401826,1.6216648548871055,0.878620609190201,0.9551617190683748,0.7848243729390401,0.8550994948323641,0.8801800551824435,0.9115228718536001,0.8923238877247915,0.8819856609174681,0.9458786089494658,0.9380698775718991,0.9486042845610836,1.206570514608995,1.086627277388074,1.1171015796263137
ATL_L,2.3806843138847147,2.2838023160657714,1.3568487492460177,2.1890424822621304,2.238658702352873,1.3332778084907622,1.3174382803103095,1.6096248798435921,1.2929570974575346,1.8042075959177148,1.6921759893254271,1.2318161713603257,1.2523938501226106,1.2630736617012934,1.278206702781523,1.7074339165513055,1.558035314093989,1.9205399283527942,1.2834434498985414,1.2822223669434942,1.2503645121321714,1.2408837440607958,1.4540365938153408,1.4524357137395068,1.2934649720757014,1.3325294691640093,1.7500146703303163,1.8292621305121173,1.3292774610883091,1.3373070671378728,1.3293163257074434,1.337692807777589,1.2965565087779942,1.3107794227196548,1.1612043472641584,1.198363457677809,1.2419337591719246,1.407690751886027,1.2360718964847792,1.4650583547363805,1.3539584655517771,1.319476991076745,1.2540225726369958,1.6529369295096799,1.337447304636298,1.2908777780441416,1.270385606791594,1.6988633238159017,1.326210953894241,1.3415373921314067,1.9690491533956345,1.248459777491524,1.2825247269877253,1.2280795123649582,1.2546673357060054,1.2551740101696331,1.2670221435292937,1.2759934838819993,1.2675133013354343,1.31670767108156,1.3001092906682095,1.3753890080065847,1.558358352068311,1.4399487894542842,1.4239068874464786
ATL_R,2.3524235245110257,2.2482849086091647,0.9702202340507197,2.0445616336734687,2.1024373606260225,0.9857662178922655,0.9745723744881012,1.2929570974575346,0.819032156654699,1.5027716287279418,1.3816979491335686,0.6889427084035171,0.6924590737068798,0.8379917595220324,0.7461293357242696,1.5446632880595121,1.3840498739881248,1.6954829908701596,0.7843744879487508,0.748091406785592,0.7366012961927897,0.7321993599061172,1.0991928481289717,1.1141574044921976,0.7967943152431843,0.8656005714519133,1.5325308260784563,1.625856475879364,0.8263047684249831,0.805893070977489,0.771171026963485,0.7753580769739156,0.8436511735841399,0.8356548365176788,0.9563367259859852,1.0469087964294008,1.0718795859998838,1.3000350381715085,0.9464228778168942,1.3529809918812645,0.9849620165373032,0.9415613681005208,0.9075663537093506,1.3758766310826465,0.7522665758764174,0.8858099395018677,0.8546251567488693,1.4504464300189948,0.8646736369494563,0.905395258243132,1.7721662299407803,0.8245340679934167,0.8568118933948962,0.7390593549198594,0.7864960703814244,0.7715479289998652,0.7525202485645244,0.8444285650596901,0.8232480284947084,0.8398200386806169,0.8192704392952208,0.8616342697008982,1.1993831838853148,1.0201312803212261,1.0635948706276483
AVLP_L,2.597825623992695,2.5007320681363168,1.4926304595516806,2.232582979434609,2.289806067951426,1.5338525834887198,1.5315203158848096,1.8042075959177148,1.5027716287279418,1.9567442761258624,1.8692970616266569,1.441994267044738,1.4517735661385798,1.4698222687931128,1.474606401190875,1.9243506499737781,1.8253377614963027,2.0419566547836743,1.4765484983081651,1.4707815528232422,1.4762566525072847,1.4730555719913352,1.6579207346430878,1.6683544996581114,1.4882511964206815,1.519513339365731,1.7797727296824208,1.8643740505936661,1.5267911370624565,1.5301301802498695,1.4522219331042932,1.4625930766299053,1.474177296738937,1.4815534848810308,1.5427213705019833,1.5937092970690736,1.621973312271196,1.7855618978153982,1.5598453114218322,1.8284512119471503,1.5405134899904904,1.5227168613658078,1.5192739703859612,1.6456003562068395,1.4580726053522401,1.5386173926022466,1.5240153298521846,1.8638943601950657,1.528280095699904,1.5475215621961407,2.077357775294373,1.5074649649442131,1.5346260728133454,1.4518856834952558,1.4741259620802232,1.4830467507404068,1.484363098452479,1.508386555975564,1.4993672168927321,1.5101762929380151,1.499294288892185,1.5329587710284007,1.7226743665767343,1.6173120627911222,1.644764689182825
AVLP_R,2.4746090568552157,2.3737275892016014,1.3588706042551766,2.149026060470298,2.206543832512655,1.4059390397930964,1.399590326693247,1.6921759893254271,1.3816979491335686,1.8692970616266569,1.7769133911706343,1.318627384101852,1.3353325782396148,1.3305243856224136,1.360789893209752,1.7836197097379969,1.6796146251823068,1.953927593964977,1.3628871746186297,1.3629519270276371,1.3570936864666239,1.3509059256351466,1.5416574779507908,1.5514917975785438,1.373477187311977,1.4061010036435675,1.6774467527844994,1.7649059040778299,1.4186567209760044,1.429030034851711,1.3573897625517048,1.3687833744713471,1.3602140617421552,1.3736491086698321,1.331206670228963,1.3716779428970236,1.4257334740365943,1.604277999842634,1.3903332905231134,1.6538081007826089,1.4211580574874387,1.4003020887624973,1.3741291166821046,1.5461359203725393,1.3662611825065887,1.40870228406412,1.3934829902919417,1.75460558177774,1.4200412979119634,1.440660946651602,1.9907173337358819,1.372352719066069,1.4079577993826906,1.320993382167809,1.3440368690780233,1.3592310631735767,1.3692253870810174,1.376871785237132,1.3682612206798825,1.394743159882831,1.3827243572448804,1.4354688694147337,1.625228877498812,1.511339233446213,1.5284275688347153
CRE_L,2.3408032963545455,2.233072480923275,0.8823520002830935,2.0249907952949617,2.0932202138315765,0.843498114680545,0.8263635599154275,1.2318161713603257,0.6889427084035171,1.441994267044738,1.318627384101852,0.5681526613610822,0.5926059980547734,0.6757708174800324,0.6531796532268139,1.4807604208106677,1.3078934030249616,1.6643617873037546,0.6526612578850429,0.6259402922249703,0.6327477860661429,0.634102965151114,1.0332065372005361,1.0506890098719588,0.6869282938518476,0.7698853354050632,1.504634895843135,1.5947101234023082,0.730148657293159,0.7220861343508953,0.6473298169186648,0.6600686643293949,0.6929427965539026,0.688162432371509,0.7865245623117011,0.9118805647503263,0.9879774985655244,1.2552081868142912,0.8350190434228932,1.3141776988134892,0.8523715829642223,0.7968797054687009,0.7224131522640542,1.3382536610985556,0.6433761890519551,0.7635916707756958,0.7245650117482477,1.4095474307707052,0.7218667741443265,0.7615089416847625,1.7404161403675826,0.714669527227431,0.769854947838777,0.5859869721808426,0.6593795700734217,0.6592940376148413,0.651382446960046,0.7271308107127067,0.7059322805480154,0.7414214397455561,0.7148045720007541,0.7899131686562937,1.158303172856439,0.9406852674463437,0.9988311986232586
CRE_R,2.3498341499638573,2.240646423962882,0.9062947227820937,2.0337356374043574,2.10235924544185,0.8773383230670789,0.8577740446182527,1.2523938501226106,0.6924590737068798,1.4517735661385798,1.3353325782396148,0.5926059980547734,0.6115956107861297,0.707735843123943,0.680350641745836,1.4858175364753146,1.3221650012436492,1.6871081151801872,0.6879682468926043,0.6622425182981748,0.6541565266232399,0.6546427614892933,1.0552148721313515,1.0785752633702639,0.719591346345797,0.7964450849692012,1.4995620195713766,1.5901479088290904,0.7401540785762781,0.7260831310524725,0.6978263752500686,0.7072377611163604,0.7447989329914191,0.7415936276022861,0.7822865847778092,0.9009708847276698,0.9993709730749315,1.2781062446019626,0.8613914710725308,1.3390552988020834,0.8926617805904953,0.8436189460561244,0.7439216785809873,1.335554701323496,0.677797761944193,0.800928378286122,0.7659405726313803,1.4289486319383837,0.757430709896987,0.8028988301244693,1.7658482373427975,0.7523175733467226,0.7993829296692698,0.6277009392025598,0.6926677860931281,0.6914214105181302,0.6744611088172686,0.7617664356055366,0.7399757643512678,0.7689240081269119,0.7441124936689969,0.8049009259054533,1.1815839976892082,0.9507499174658223,1.022543051280853
EB,2.370484107581078,2.2596964418157572,0.833176777214785,1.9632127710003335,2.0530867956878236,0.7183468621174051,0.7195619886943527,1.2630736617012934,0.8379917595220324,1.4698222687931128,1.3305243856224136,0.6757708174800324,0.707735843123943,0.6373711463058572,0.7327245906000948,1.4964119190528438,1.3403719009267514,1.6152414310236458,0.683647547748275,0.6818014593876109,0.7359683880391503,0.744648368545352,1.0598006186134883,1.0590026554395033,0.7255324871825806,0.8115110031352395,1.6034669508792976,1.676423969093132,0.8356705904026006,0.8279339742142422,0.6774561258136905,0.7087986358715457,0.667729653941995,0.6845476252847509,0.8550612373637988,1.0142684744763741,1.0708262347447342,1.3066312448257114,0.894331850417244,1.360092731439191,0.8032725281616396,0.7262398240761029,0.6253364929183255,1.4125271749726018,0.6741867628974413,0.7900265943372303,0.7448766466488129,1.3960629175586179,0.753717674601756,0.7704940429156861,1.6556140992177972,0.7545033685258566,0.825458506007875,0.6409550356914318,0.7181070709355346,0.7266371988508147,0.7399018201330244,0.7649030374371435,0.7525799800372144,0.7911825546896091,0.7656332061848693,0.8414165035678312,1.1451214475939802,0.9988506691264205,1.020962514854693
FB,2.3738439257349477,2.2613059959573536,0.9243866698181533,2.0290091882305554,2.109327792681916,0.9147015880355399,0.90686753911756,1.278206702781523,0.7461293357242696,1.474606401190875,1.360789893209752,0.6531796532268139,0.680350641745836,0.7327245906000948,0.7584886648699657,1.4917023359795434,1.338782922902119,1.70112928933596,0.7341374691179158,0.7286067001862562,0.7144008690906958,0.7153292264774616,1.0826791092341255,1.1073482496468123,0.7762059743486871,0.8480064399802985,1.5678226438296388,1.64954392496548,0.8105444712613362,0.8055580688158602,0.8256445829323967,0.8367938782132267,0.8552136788038982,0.8508904537435403,0.8099532709508556,0.9310115349008274,1.0693530500433484,1.345825616938019,0.9280953113979536,1.4049442723056205,0.9783186695845825,0.929021843884077,0.8070704169117916,1.4023990833594042,0.7835551722571268,0.839770079736122,0.8019872747690401,1.4428723256702378,0.815041204094429,0.8558434705406238,1.7617907119780138,0.7918102444830498,0.8426501307779835,0.6613705095316786,0.7249807489659253,0.7442150969536767,0.7373127322790133,0.8005597942007588,0.7824058224825947,0.8217569831226568,0.7997987529127503,0.8729693226172226,1.2194362404709005,0.9912638539230226,1.050676328502082
FLA_L,2.339856589494787,2.250091003384628,1.4802474506943486,2.0460050909237424,2.0920673078967926,1.5416853396396213,1.5393246360251223,1.7074339165513055,1.5446632880595121,1.9243506499737781,1.7836197097379969,1.4807604208106677,1.4858175364753146,1.4964119190528438,1.4917023359795434,1.8305299037444545,1.6996580531652,1.8561440891295566,1.5087769215838853,1.5002662470351344,1.493930021049182,1.4889052805350962,1.610797482037373,1.5840609148892733,1.5060899642607082,1.532723932944121,1.7160052038799465,1.8009498335230676,1.5539454372963601,1.546073116610537,1.5138936115134194,1.5200874246931901,1.5204151326336284,1.5239817687212287,1.4541749862843132,1.4932449282882863,1.4723396560852475,1.5358456252246837,1.4767083627762783,1.5623989365478623,1.5486900750922918,1.5238509075707343,1.5279012263569367,1.6431049377052744,1.5320702316712402,1.5207347548044403,1.5007768994468493,1.739223000870988,1.5462037076868727,1.5440356248420746,1.8761889927555697,1.4844406767534706,1.5003066884383158,1.4693032662302146,1.4850169582458217,1.4871162220343368,1.5003876410036068,1.4978303422005275,1.492700748356963,1.526890599278893,1.5111306551618118,1.5401492238936496,1.628075427570414,1.5913345567596793,1.574666506827845
FLA_R,2.2587641302308428,2.1647674338819898,1.3315638609803038,2.012118210638124,2.0556401817962606,1.4714195405737265,1.4696243970663485,1.558035314093989,1.3840498739881248,1.8253377614963027,1.6796146251823068,1.3078934030249616,1.3221650012436492,1.3403719009267514,1.338782922902119,1.6996580531652,1.5846704997560024,1.773437937215686,1.3678762117121,1.3611193741719483,1.337555487646806,1.331714168117388,1.4656603305069529,1.4444568297766203,1.3532737196341962,1.3849562236117035,1.7230906977101648,1.809298679173265,1.4093570318756825,1.412818367727273,1.4089653566549216,1.4117799984756518,1.4419725801056367,1.4369639160052228,1.2906925638022952,1.3075751991135636,1.286987245179073,1.3708418473859336,1.3012822918635532,1.4042070485526494,1.4865253223125252,1.4577752185067918,1.449624483562398,1.644348169580876,1.4103499858886477,1.3650636702896477,1.3412221154044404,1.6239915328073724,1.4320247437874276,1.441557127458683,1.8017651239141106,1.310683642347866,1.3380054431934538,1.2923076854256532,1.3136783796491445,1.3222449219292,1.3493304239087764,1.3305464863409786,1.3256851504474971,1.377230968421438,1.3644846884520019,1.406132709465677,1.5099830520080029,1.4668093019037853,1.4361577883206693
GNG,2.445516354627789,2.3537420798330553,1.5728758555129836,2.0330023988282155,2.09596073317804,1.6168577070884789,1.6118915240180687,1.9205399283527942,1.6954829908701596,2.0419566547836743,1.953927593964977,1.6643617873037546,1.6871081151801872,1.6152414310236458,1.70112928933596,1.8561440891295566,1.773437937215686,1.9998481283317784,1.6756081178972468,1.6971243816053243,1.6842145285706613,1.6758757959722348,1.7787417315338176,1.7810656318283937,1.6922776255132623,1.7059992574182588,1.6350367242942876,1.7003523306559727,1.726662677705514,1.7478001049578082,1.6996454455098176,1.7146382014630246,1.6423884501324848,1.6690300549494328,1.5135622477072368,1.5367429649081692,1.6225238340799697,1.758566516503813,1.620798415256108,1.8005321246022175,1.6396257683298707,1.6315284629234763,1.5883515503898207,1.5375858891560827,1.7217372703909646,1.6803015507131265,1.6716633663956812,1.861355770312366,1.7003166291437142,1.7046783104052754,2.001112743867722,1.6650933546483835,1.701456366924255,1.644028792068705,1.6532798643777213,1.6780539312588578,1.6938770833713466,1.6686219929541817,1.6651988050340651,1.7000065131079776,1.6897652019647875,1.7514694146011514,1.840959646883821,1.7467538059306955,1.7593655519014582
IB_L,2.3897396726265803,2.2740267701345473,0.846155833062028,2.0026798816011198,2.0905026560198645,0.8809532113544302,0.8839262031096522,1.2834434498985414,0.7843744879487508,1.4765484983081651,1.3628871746186297,0.6526612578850429,0.6879682468926043,0.683647547748275,0.7341374691179158,1.5087769215838853,1.3678762117121,1.6756081178972468,0.7172481889052759,0.695221125169963,0.733171153998778,0.7383328641841147,1.080132039727831,1.1010843014931648,0.7433124557903967,0.8214524834863279,1.564202691178809,1.6506195938581036,0.8143696745069733,0.81925406765379,0.6839699620426023,0.7022748258003373,0.7676484032273914,0.7581321403366437,0.8635072452073412,0.9699848459511131,1.07148525793204,1.34129024694967,0.9052084598195631,1.395494868986998,0.924375264331085,0.8696244900088603,0.8109676220560051,1.3666441319499059,0.6715726333776053,0.8256955964772779,0.7882447810690962,1.43010089120312,0.7935112182954703,0.8352960053618984,1.7292935131930185,0.784772080424375,0.8535983720221834,0.6475669399337655,0.7193621196065312,0.7386597643212446,0.7441869807725756,0.7862681258760946,0.768322530839118,0.8007225275153779,0.7785898956341797,0.8467395871820074,1.1969136171883423,0.9954044625125266,1.0545167308485104
IB_R,2.396767950539141,2.280002787144525,0.8692304489478718,2.0171965300781074,2.1048213074615307,0.8869416252086643,0.8873146956939644,1.2822223669434942,0.748091406785592,1.4707815528232422,1.3629519270276371,0.6259402922249703,0.6622425182981748,0.6818014593876109,0.7286067001862562,1.5002662470351344,1.3611193741719483,1.6971243816053243,0.695221125169963,0.7007169976946982,0.7137032065527139,0.7191843876750914,1.0779135961966657,1.105119552597376,0.737216123481321,0.8158601048582772,1.5664074930781817,1.650778138895574,0.7909842081795696,0.7946695078079329,0.7340674231377359,0.7500471304966868,0.8060635239813922,0.7965405172644731,0.8255328140232129,0.9410603465233117,1.069579360953256,1.3517315464528075,0.9208904856336327,1.4086418292093577,0.9518794953554556,0.9009530575471796,0.7994104245446446,1.3744637818511427,0.6858788059108281,0.8272356695095084,0.790054050634382,1.442045486396403,0.7874318729700974,0.8353210326986491,1.7508953740166986,0.7833527395394204,0.8493054807016918,0.6287575881370888,0.6995305210988748,0.7258772459947116,0.7272883904140225,0.779771472343699,0.7611705853570384,0.7923290724460627,0.7715066094062617,0.8393409733440933,1.2090847185597815,0.9811581149491747,1.052823096853168
ICL_L,2.3324263268617296,2.2236472586025773,0.9064947711009498,2.02946921153788,2.092459034982023,0.920404333079443,0.9037625453357052,1.2503645121321714,0.7366012961927897,1.4762566525072847,1.3570936864666239,0.6327477860661429,0.6541565266232399,0.7359683880391503,0.7144008690906958,1.493930021049182,1.337555487646806,1.6842145285706613,0.733171153998778,0.7137032065527139,0.7056614869193577,0.7028721064693984,1.0688327392499752,1.0881991078646958,0.7525983702244646,0.8247025668468327,1.507606926849026,1.6005529039952349,0.7842829820249345,0.7793292432108945,0.7308194192432449,0.738979872270025,0.787697079396359,0.7833100627790458,0.8231812002462634,0.9317380777814671,0.9908428758590855,1.252500052629688,0.8662122846285113,1.3092418369001932,0.9297055666867586,0.8835111746876843,0.8099329016173191,1.3483040187169737,0.7156609120083189,0.8328228770998125,0.7983665075569055,1.4291796275329784,0.8110934824324726,0.854911454102858,1.761613903668842,0.7748212870999662,0.8252194703589615,0.6584008330547545,0.7186509782203546,0.7241586992156859,0.722506729909916,0.7831953125819217,0.763105335411883,0.7986016739297888,0.7770385293965054,0.8416185037508845,1.1912976687218655,0.9812799177167554,1.0396499684294076
ICL_R,2.320278495751592,2.212178775885019,0.9112406981237825,2.024799254209406,2.0856593954278693,0.9350615250854853,0.9181490368621621,1.2408837440607958,0.7321993599061172,1.4730555719913352,1.3509059256351466,0.634102965151114,0.6546427614892933,0.744648368545352,0.7153292264774616,1.4889052805350962,1.331714168117388,1.6758757959722348,0.7383328641841147,0.7191843876750914,0.7028721064693984,0.703374170276568,1.0641674697774874,1.0822503946385449,0.7534561773466317,0.8252942143310132,1.509407668778244,1.6021521257080356,0.7802968878652803,0.7741253506643713,0.7464163830346169,0.753197032338014,0.8039814306794283,0.7978929101289824,0.8196394959615888,0.9241506171127806,0.9767246317385451,1.2325086634476412,0.8554476498098178,1.2894322511904408,0.9419176183719796,0.8959904758735775,0.8223998326794458,1.3567836184271578,0.7264957908359646,0.8298225604807123,0.7944780837719524,1.4221199872478114,0.8151853834365483,0.8593556052971948,1.7554157359554503,0.7692657487462969,0.8187843848121744,0.660334194726905,0.7195367126621167,0.7214052471117233,0.721319892815671,0.7808262467423074,0.7608429681797633,0.7994316885365687,0.7783519742969693,0.8406726755630387,1.1860409244782115,0.9773111420904435,1.0338120646771165
IPS_L,2.35453408238698,2.253564093562995,1.149106713491159,2.0537673938028034,2.112970501449905,1.1563636124031829,1.1442240112363025,1.4540365938153408,1.0991928481289717,1.6579207346430878,1.5416574779507908,1.0332065372005361,1.0552148721313515,1.0598006186134883,1.0826791092341255,1.610797482037373,1.4656603305069529,1.7787417315338176,1.080132039727831,1.0779135961966657,1.0688327392499752,1.0641674697774874,1.30186315545455,1.3059336062222062,1.0959034772583993,1.140548250006737,1.589799520608926,1.6758527194688526,1.1323419855617514,1.1408075838978724,1.0935518524886634,1.104165098099571,1.0900232868881172,1.0978086808270209,1.0730346618013065,1.149231397615157,1.199639239847502,1.3959635454529222,1.1254074989550489,1.4457286496697181,1.1691943094703157,1.1343447902936161,1.0834286567174287,1.4614245828803485,1.101231425767684,1.1220364311840823,1.0981211543738756,1.5631999663828091,1.1246574786050467,1.1451031088285137,1.8317692730634032,1.0852092631800874,1.125987983704065,1.0288086383141515,1.0631307224463393,1.0717418570401624,1.0818931242941616,1.0964392744817466,1.0854500302859227,1.1250469771577154,1.1076323355662887,1.1755748746997188,1.3986819938003876,1.248906966688624,1.2724420883364564
IPS_R,2.334038712756861,2.232444328313911,1.1473895301341905,2.0514899405218694,2.1117682717987605,1.1649595268844681,1.152350587951456,1.4524357137395068,1.1141574044921976,1.6683544996581114,1.5514917975785438,1.0506890098719588,1.0785752633702639,1.0590026554395033,1.1073482496468123,1.5840609148892733,1.4444568297766203,1.7810656318283937,1.1010843014931648,1.105119552597376,1.0881991078646958,1.0822503946385449,1.3059336062222062,1.31224332842682,1.115440037330657,1.1579975117378862,1.620385629148765,1.701027584012963,1.1547973247729364,1.1697668985998504,1.1429628593437355,1.1538952942840215,1.1247887473714449,1.1354832477103949,1.0256960344399462,1.0967174782137983,1.1669883443979063,1.3757434891904878,1.1087531258315804,1.4315545661050857,1.192994599081701,1.1574630784226565,1.0868691976441114,1.4957035383874535,1.1452454298839674,1.127740437467633,1.1035776339544234,1.559384234469347,1.1486406932548439,1.1680718856008854,1.8291111326428433,1.0882072655031096,1.1353099433839315,1.0366021812577744,1.0702354919146289,1.0853242334131785,1.103225910738581,1.1008952494027273,1.0914547716348415,1.1422627945648525,1.12577699098051,1.2050974575462114,1.4134386816906706,1.2669410724283983,1.2798642792832167
LAL_L,2.3799382589263702,2.2667808839619226,0.9036151479074449,2.0198533201478006,2.1015122783042752,0.8807186209115818,0.8756864523932752,1.2934649720757014,0.7967943152431843,1.4882511964206815,1.373477187311977,0.6869282938518476,0.719591346345797,0.7255324871825806,0.7762059743486871,1.5060899642607082,1.3532737196341962,1.6922776255132623,0.7433124557903967,0.737216123481321,0.7525983702244646,0.7534561773466317,1.0959034772583993,1.115440037330657,0.7882905342495475,0.8584973257580178,1.5681120580125694,1.650251555545763,0.8469417599804923,0.849913488521134,0.7724336316663262,0.7904286122261591,0.79842665474747,0.7988670582850601,0.8525532855268692,0.9739901618218467,1.081312037441605,1.3480465706896407,0.9260407779499529,1.4024269818685506,0.9329924382096361,0.8807913113953151,0.7970423760531821,1.3847443366863628,0.7601854378449321,0.8511761375478927,0.8141683343271723,1.4426195800776076,0.8157292718212666,0.849455278528694,1.7466849140512768,0.8089687818086174,0.8679466425727174,0.680898169601637,0.7452884401256841,0.7686913990708603,0.7704268339883563,0.8138860936245637,0.7976074249593369,0.8350344882547119,0.8111900733534556,0.893388092644887,1.223584822769064,1.0139115707542166,1.0662488280139562
LAL_R,2.3874648149741855,2.276196221150386,0.9557908452955568,2.0189978604797996,2.100693430801083,0.9545122183707407,0.9520518225098137,1.3325294691640093,0.8656005714519133,1.519513339365731,1.4061010036435675,0.7698853354050632,0.7964450849692012,0.8115110031352395,0.8480064399802985,1.532723932944121,1.3849562236117035,1.7059992574182588,0.8214524834863279,0.8158601048582772,0.8247025668468327,0.8252942143310132,1.140548250006737,1.1579975117378862,0.8584973257580178,0.9240056541805067,1.5793816366959763,1.660072471204686,0.9104077066351618,0.9106820356594023,0.8560162366392297,0.8715566453208539,0.8865006121293736,0.8847979860477323,0.9160282825899103,1.0238491151699585,1.1302764067117923,1.3827359472685636,0.9840750847432328,1.4354953608678505,1.0047940502105075,0.9572183297696542,0.8815812022591096,1.4024095206756249,0.839797804389543,0.9139371796305389,0.8798699038354882,1.465899655904442,0.8878331683679155,0.9188410337036157,1.7581847543798994,0.8744499621288939,0.9269990422456224,0.7678820401561149,0.8222337947972108,0.8404196379630872,0.840429974613899,0.8820103361403483,0.8667990177567327,0.9011010337430568,0.8796325555185742,0.949941276120126,1.257020660816305,1.0610631978098712,1.1104688677562198
LA_L,2.4369168564568358,2.3402808562863857,1.5700108221026687,1.6843671320878022,1.7397563136929246,1.730571662833186,1.7491798621186527,1.7500146703303163,1.5325308260784563,1.7797727296824208,1.6774467527844994,1.504634895843135,1.4995620195713766,1.6034669508792976,1.5678226438296388,1.7160052038799465,1.7230906977101648,1.6350367242942876,1.564202691178809,1.5664074930781817,1.507606926849026,1.509407668778244,1.589799520608926,1.620385629148765,1.5681120580125694,1.5793816366959763,1.7343022482182107,1.7624807823799185,1.549117634812249,1.5205929584788027,1.650374603151695,1.6537256066667207,1.7167744069666455,1.7068008289048002,1.641360419627319,1.6417574696957544,1.7006349537213388,1.8049806769406154,1.6005569023091966,1.814896060212215,1.7245622536467615,1.7259106383340648,1.6805788521382454,1.6570070742929082,1.5965895211711312,1.5581005296890942,1.5374061259103924,1.59135758960103,1.6233255490275846,1.6384582734130597,1.6498211657788746,1.5212295797736748,1.5269467359648483,1.5205992669301729,1.5341387671141518,1.5351987667386298,1.5214876039759313,1.5496206197472708,1.5443398042907643,1.5616361532511664,1.5740918859153998,1.5269920118047673,1.5922730852420588,1.5448725352668844,1.5624017521793803
LA_R,2.4754081904444285,2.3786539653942107,1.610558778407964,1.714110875957714,1.7713839912128628,1.8023605281919626,1.8203352076761619,1.8292621305121173,1.625856475879364,1.8643740505936661,1.7649059040778299,1.5947101234023082,1.5901479088290904,1.676423969093132,1.64954392496548,1.8009498335230676,1.809298679173265,1.7003523306559727,1.6506195938581036,1.650778138895574,1.6005529039952349,1.6021521257080356,1.6758527194688526,1.701027584012963,1.650251555545763,1.660072471204686,1.7624807823799185,1.8054673401854215,1.6391611544139015,1.6146272750691346,1.695505301231905,1.7016354081073717,1.7662626775665609,1.7609398940717518,1.7341773872019515,1.731807081410031,1.7737849876143488,1.8726523475208425,1.6743588965965466,1.8791412823636067,1.7775338120414985,1.7843251725798903,1.761455896551712,1.6583349420005609,1.6622203350998142,1.6474352559980634,1.6281828593751015,1.6668725216584481,1.7093937241648725,1.7266610575174524,1.7091827096199048,1.6120731743971715,1.6191275703308057,1.6095661702807185,1.6219747554451087,1.6244152405201844,1.6128576968560264,1.6368677517159096,1.631679149752688,1.6468081460187698,1.6569529941699594,1.610403355360166,1.6695265584338532,1.6267953918584832,1.6495763292694658
LH_L,2.4007900972634237,2.2900967411590436,0.9648136509195028,2.046715695198253,2.1194854628514412,0.9863080799024295,0.9818706846242771,1.3292774610883091,0.8263047684249831,1.5267911370624565,1.4186567209760044,0.730148657293159,0.7401540785762781,0.8356705904026006,0.8105444712613362,1.5539454372963601,1.4093570318756825,1.726662677705514,0.8143696745069733,0.7909842081795696,0.7842829820249345,0.7802968878652803,1.1323419855617514,1.1547973247729364,0.8469417599804923,0.9104077066351618,1.549117634812249,1.6391611544139015,0.89511331024546,0.8811413361718977,0.8285667416505164,0.8399935175224527,0.8861824515414529,0.8821568944636865,0.9524203266728843,1.0479889456478035,1.1385800822451224,1.3914517396075061,1.0034953640374824,1.444591816691074,1.0185482451610917,0.9783638826221903,0.934136343692871,1.3660237145798921,0.8145571420706782,0.9292841817029875,0.8982790156961433,1.4755253317159382,0.9023169904848667,0.9404422681588471,1.788316534396573,0.8721256953879482,0.9067750144747351,0.7616004489729636,0.8099653039738336,0.8231606342226322,0.8082139590766344,0.8830156950259382,0.8645047480295939,0.8854791638550987,0.8636764955582412,0.916899185616439,1.2486295950194446,1.0575742714022116,1.107498752737533
LH_R,2.4038976207524128,2.291936165013854,0.9621122286163012,2.056173846796891,2.12683696179997,0.9902268153527197,0.9813579054578844,1.3373070671378728,0.805893070977489,1.5301301802498695,1.429030034851711,0.7220861343508953,0.7260831310524725,0.8279339742142422,0.8055580688158602,1.546073116610537,1.412818367727273,1.7478001049578082,0.81925406765379,0.7946695078079329,0.7793292432108945,0.7741253506643713,1.1408075838978724,1.1697668985998504,0.849913488521134,0.9106820356594023,1.5205929584788027,1.6146272750691346,0.8811413361718977,0.8641396193810216,0.8277088621957218,0.8362020329158607,0.8906478440671749,0.8899726595779635,0.9181293455316487,1.0097971973072064,1.1256635660108483,1.3966809025138331,1.0160392700902792,1.454784284720822,1.0223038048659971,0.986843425271815,0.9217706763178375,1.3375196705969155,0.804213302810283,0.9438301338919397,0.9167581327514555,1.491004959283822,0.9133890704173101,0.9589608435549337,1.814312122522377,0.886742093969375,0.9179283230479933,0.7635685793764452,0.8105373795500893,0.826381551184442,0.8053173149728111,0.8901808351789652,0.8704157097220884,0.886050016378774,0.8664126988096527,0.9092723026471642,1.2613645028733675,1.0539691931499995,1.1194188561176148
LOP_L,2.521633178745632,2.3884496355829428,0.8750067162165688,1.9306421872902513,2.089158695292216,0.7504384199866395,0.7856856366040773,1.3293163257074434,0.771171026963485,1.4522219331042932,1.3573897625517048,0.6473298169186648,0.6978263752500686,0.6774561258136905,0.8256445829323967,1.5138936115134194,1.4089653566549216,1.6996454455098176,0.6839699620426023,0.7340674231377359,0.7308194192432449,0.7464163830346169,1.0935518524886634,1.1429628593437355,0.7724336316663262,0.8560162366392297,1.650374603151695,1.695505301231905,0.8285667416505164,0.8277088621957218,0.6946584777506057,0.751289924069535,0.7349417568534785,0.7540436047436263,0.8708773696695912,0.9733431953650838,1.2482913627433985,1.5408504726290444,1.0823792061979014,1.5939713074333037,0.8897010517257502,0.8430932331911516,0.7084322551376214,1.366740636306883,0.6291651324599036,0.8535704178237409,0.7997700549819686,1.4499763982218004,0.7759490980583674,0.8154921501998872,1.6944485010191723,0.8033374618456377,0.8691756191747019,0.6151913184228036,0.6958779700095201,0.7599458323395013,0.7547189970033721,0.8084225913725034,0.793157590039504,0.8350652112305073,0.8234058913991181,0.8755004370496204,1.2434686959583612,0.9879090221941683,1.0646843928908418
LOP_R,2.521221429614135,2.3896003938621693,0.9025677865010607,1.9498570845366594,2.1021936927442275,0.7998980894530695,0.8316276945702004,1.337692807777589,0.7753580769739156,1.4625930766299053,1.3687833744713471,0.6600686643293949,0.7072377611163604,0.7087986358715457,0.8367938782132267,1.5200874246931901,1.4117799984756518,1.7146382014630246,0.7022748258003373,0.7500471304966868,0.738979872270025,0.753197032338014,1.104165098099571,1.1538952942840215,0.7904286122261591,0.8715566453208539,1.6537256066667207,1.7016354081073717,0.8399935175224527,0.8362020329158607,0.751289924069535,0.8001081604342859,0.7980118015227134,0.8087268414270429,0.8730578214693442,0.9750935437378274,1.2550033904906632,1.5494566276950417,1.094460775965184,1.6041380918598938,0.9417388056546853,0.8970759630252607,0.7618922575998686,1.3849615557891473,0.6754237112354968,0.8703606925260047,0.8183574559767823,1.4617002785092945,0.7974811020799623,0.8366104922230401,1.7132404498496432,0.8182847540963258,0.8796143316699696,0.6343114857192437,0.7105622794580391,0.773072997438623,0.764651163196628,0.8238963764952328,0.8086222402659227,0.8490728763577283,0.8365636860435516,0.8884706679618425,1.2560136228799934,1.0004296261784935,1.0763953487247135
